MEMORY
  total            13.3 MB
  struct          159.0 KB
  buffer          171.6 KB
  arena            13.0 MB, used 0.3%

SIZES
  narena                13631488
  nbuffer               175744
  nplugin               0
  maxuse_stack          3040
  maxuse_arena          34696
  maxuse_con            11
  maxuse_efc            46
  ncon                  1
  ne                    1
  nf                    0
  nl                    0
  nefc                  5
  nJ                    30
  nA                    0
  nisland               0
  threadpool            0

TIMER
    0:  duration =  0.1        number = 1
    1:  duration =  0.092      number = 1
    2:  duration =  0          number = 0
    3:  duration =  0.071      number = 1
    4:  duration =  0.0037     number = 1
    5:  duration =  0.0024     number = 1
    6:  duration =  0.0071     number = 1
    7:  duration =  0.0029     number = 1
    8:  duration =  0.0061     number = 1
    9:  duration =  0.0052     number = 2
    10:  duration =  0.039      number = 1
    11:  duration =  0.0072     number = 1
    12:  duration =  0.00098    number = 1
    13:  duration =  0.0034     number = 1
    14:  duration =  0.026      number = 1

SOLVER STAT
  solver_fwdinv =   0         0       
  ISLAND 0
    solver_niter = 1
    solver_nnz = 36
      0:  improvement =  7e-16       gradient =  3.6e-16     lineslope =  0       
          nactive = 5   nchange = 0   neval = 2   nupdate = 0

ENERGY =   0         0       

TIME =  82      

QPOS
   0.76    
   0.29    
   0.64    
  -0.63    
  -0.0093  
  -0.009   

QVEL
   1.7e-08 
   1.5e-08 
  -4.4e-11 
   7.5e-09 
   1.2e-12 
  -1.3e-12 

QACC_WARMSTART
  -4.1e-07 
  -3.5e-07 
   1.2e-08 
  -1.8e-07 
   6.5e-10 
  -6.7e-10 

CTRL
   0.76    
   0.29    
   0.64    
  -0.63    
  -0.01    

QFRC_APPLIED
   0       
   0       
   0       
   0       
   0       
   0       

XFRC_APPLIED
   0         0         0         0         0         0       
   0         0         0         0         0         0       
   0         0         0         0         0         0       
   0         0         0         0         0         0       
   0         0         0         0         0         0       
   0         0         0         0         0         0       
   0         0         0         0         0         0       
   0         0         0         0         0         0       

EQ_ACTIVE             1

QACC
  -4.1e-07 
  -3.5e-07 
   1.2e-08 
  -1.8e-07 
   6.5e-10 
  -6.7e-10 

XPOS
   0         0         0       
   0.012     0         0.017   
   0.012     0         0.076   
   0.055     0.041     0.19    
   0.11      0.092     0.093   
   0.16      0.15      0.069   
   0.17      0.14      0.069   
   0.21      0.18      0.052   

XQUAT
   1         0         0         0       
   0.93      0         0         0.37    
   0.92     -0.053     0.13      0.37    
   0.83     -0.17      0.41      0.33    
   0.92     -0.055     0.14      0.37    
   0.92     -0.055     0.14      0.37    
   0.92     -0.055     0.14      0.37    
   0.92     -0.055     0.14      0.37    

XMAT
   1         0         0         0         1         0         0         0         1       
   0.73     -0.69      0         0.69      0.73      0         0         0         1       
   0.7      -0.69      0.21      0.66      0.73      0.2      -0.29      1.4e-17   0.96    
   0.44     -0.69      0.58      0.41      0.73      0.55     -0.8       0         0.6     
   0.69     -0.69      0.21      0.66      0.73      0.2      -0.3      -1.4e-17   0.96    
   0.69     -0.69      0.21      0.66      0.73      0.2      -0.3      -1.4e-17   0.96    
   0.69     -0.69      0.21      0.66      0.73      0.2      -0.3      -1.4e-17   0.96    
   0.69     -0.69      0.21      0.66      0.73      0.2      -0.3      -1.4e-17   0.96    

XIPOS
   0         0         0       
   0.011     0.00019   0.064   
   0.04      0.027     0.17    
   0.095     0.079     0.12    
   0.14      0.12      0.089   
   0.16      0.15      0.069   
   0.17      0.14      0.069   
   0.21      0.18      0.052   

XIMAT
   1         0         0         0         1         0         0         0         1       
   0.73     -0.68      0.019     0.68      0.73      0.015    -0.024     0.0018    1       
  -0.68     -0.67      0.3       0.74     -0.61      0.29     -0.012     0.42      0.91    
   0.58      0.69      0.43      0.55     -0.72      0.42      0.6      -0.004    -0.8     
   0.16     -0.71      0.69      0.15     -0.67     -0.73      0.98      0.22     -1.1e-16 
   0.69     -0.69      0.21      0.66      0.73      0.2      -0.3      -1.4e-17   0.96    
   0.69     -0.69      0.21      0.66      0.73      0.2      -0.3      -1.4e-17   0.96    
   0.69     -0.69      0.21      0.66      0.73      0.2      -0.3      -1.4e-17   0.96    

XANCHOR
   0.012     0         0.017   
   0.012     0         0.076   
   0.055     0.041     0.19    
   0.11      0.092     0.093   
   0.15      0.16      0.069   
   0.18      0.13      0.069   

XAXIS
   0         0         1       
  -0.69      0.73      0       
  -0.69      0.73      1.4e-17 
  -0.69      0.73      0       
  -0.69      0.73     -1.4e-17 
   0.69     -0.73      1.4e-17 

GEOM_XPOS
   0.00016  -1.7e-09   0.018   
   0         0         0       
   0.012    -0.00051   0.068   
   0.036     0.023     0.15    
   0.087     0.071     0.13    
   0.14      0.12      0.087   
   0.16      0.17      0.066   
   0.19      0.14      0.066   
   0.21      0.18      0.052   

GEOM_XMAT
   0        -0.043     1         1         0         0         0         1         0.043   
   1         0         0         0         1         0         0         0         1       
  -0.69     -0.72      0.048     0.73     -0.69      0.041     0.0029    0.063     1       
   0.65     -0.69      0.31      0.62      0.73      0.3      -0.43      0.002     0.9     
   0.58      0.69      0.44      0.55     -0.73      0.41      0.6       0.0021   -0.8     
   0.15      0.68      0.71      0.14     -0.73      0.67      0.98      0.0011   -0.2     
  -0.56      0.21      0.8       0.83      0.2       0.53     -0.049     0.96     -0.29    
  -0.79      0.21      0.57      0.61      0.2       0.77      0.049     0.96     -0.29    
   0.69     -0.69      0.21      0.66      0.73      0.2      -0.3      -1.4e-17   0.96    

LIGHT_XPOS
   0         0         1.5     

LIGHT_XDIR
   0         0        -1       

SUBTREE_COM
   0.078     0.063     0.11    
   0.078     0.063     0.11    
   0.094     0.077     0.13    
   0.12      0.1       0.1     
   0.14      0.12      0.088   
   0.16      0.15      0.069   
   0.17      0.14      0.069   
   0.21      0.18      0.052   

CDOF
   0         0         1        -0.063     0.066     0       
  -0.69      0.73      0         0.027     0.026    -0.091   
  -0.69      0.73      1.4e-17  -0.057    -0.054    -0.031   
  -0.69      0.73      0         0.015     0.014     0.043   
   0         0         0        -0.69      0.73     -1.4e-17 
   0         0         0         0.69     -0.73      1.4e-17 

CINERT
   0         0         0         0         0         0         0         0         0         0       
   0.00066   0.00071   0.00084  -0.00041  -0.00032  -0.00031  -0.0065   -0.0062   -0.0049    0.098   
   0.00094   0.00096   0.00048  -0.00021   0.00022   0.00021  -0.0052   -0.0049    0.0079    0.14    
   0.00025   0.00025   0.00018  -7.2e-05   6.3e-05   6.1e-05   0.0023    0.0022    0.00077   0.13    
   0.00069   0.00076   0.0012   -0.00055   0.00024   0.00022   0.0092    0.0086   -0.0036    0.14    
   1.1e-05   9.5e-06   1.6e-05  -7.4e-06   3.6e-06   4.1e-06   8e-05     9.2e-05  -4.5e-05   0.001   
   8.6e-06   1.2e-05   1.6e-05  -7.2e-06   4.3e-06   3.3e-06   9.7e-05   7.4e-05  -4.5e-05   0.001   
   2e-05     2.1e-05   3.2e-05  -1.6e-05   8e-06     7.5e-06   0.00013   0.00012  -6.2e-05   0.001   

ACTUATOR_LENGTH
   0.76    
   0.29    
   0.64    
  -0.63    
  -0.0093  

actuator_moment
--------
 x      |
  x     |
   x    |
    x   |
     x  |
--------

ACTUATOR_MOMENT
     0:  1       
     1:  1       
     2:  1       
     3:  1       
     4:  1       

CRB
   0         0         0         0         0         0         0         0         0         0       
   0.0026    0.0027    0.0028   -0.0013    0.00021   0.0002    0         6.1e-18  -8.7e-19   0.52    
   0.0019    0.002     0.0019   -0.00087   0.00054   0.0005    0.0065    0.0062    0.0049    0.42    
   0.00098   0.0011    0.0015   -0.00065   0.00031   0.0003    0.012     0.011    -0.003     0.28    
   0.00073   0.00081   0.0013   -0.00058   0.00025   0.00024   0.0095    0.0089   -0.0038    0.15    
   1.1e-05   9.5e-06   1.6e-05  -7.4e-06   3.6e-06   4.1e-06   8e-05     9.2e-05  -4.5e-05   0.001   
   8.6e-06   1.2e-05   1.6e-05  -7.2e-06   4.3e-06   3.3e-06   9.7e-05   7.4e-05  -4.5e-05   0.001   
   2e-05     2.1e-05   3.2e-05  -1.6e-05   8e-06     7.5e-06   0.00013   0.00012  -6.2e-05   0.001   

QM
   0.11    
  -7.6e-06   0.11    
   4.7e-06   0.0037    0.11    
  -6.4e-09   0.0013    0.00098   0.1     
   0.00021   0        -1.4e-20  -1.7e-21   0.1     
  -0.00021   0         1.4e-20   1.7e-21             0.1     

QLD
     0:  0.11    
     0: -7.2e-05    1:  0.11    
     0:  4.5e-05    1:  0.036      2:  0.11    
     0: -6.4e-08    1:  0.013      2:  0.0097     3:  0.1     
     0:  0.0021     1:  0          2: -1.3e-19    3: -1.7e-20    4:  0.1     
     0: -0.0021     1:  0          2:  1.3e-19    3:  1.7e-20    5:  0.1     

QLDIAGINV
   9.3     
   9.2     
   9.5     
   10      
   9.9     
   9.9     

QH
     0:  0.53    
     0: -1.4e-05    1:  0.53    
     0:  9e-06      1:  0.0071     2:  0.53    
     0: -1.2e-08    1:  0.0025     2:  0.0019     3:  0.52    
     0:  0.00041    1:  0          2: -2.6e-20    3: -3.3e-21    4:  0.52    
     0: -0.0018     1:  0          2:  1.1e-19    3:  1.4e-20    5:  0.12    

QHDIAGINV
   1.9     
   1.9     
   1.9     
   1.9     
   1.9     
   8.3     

B: body-dof matrix
--------
 xxxxxx |
 xxxxxx |
 xxxxxx |
 xxxxxx |
 xxxxxx |
 xxxxx  |
 xxxx x |
 xxxx   |
--------

B_rownnz              6 6 6 6 6 5 5 4

B_rowadr              0 6 12 18 24 30 35 40

B_colind              0 1 2 3 4 5 0 1 2 3 4 5 0 1 2 3 4 5 0 1 2 3 4 5 0 1 2 3 4 5 0 1 2 3 4 0 1 2 3 5 0 1 2 3

M: inertia matrix
--------
 x      |
 xx     |
 xxx    |
 xxxx   |
 xxxxx  |
 xxxx x |
--------

M_rownnz              1 2 3 4 5 5

M_rowadr              0 1 3 6 10 15

M_colind              0 0 1 0 1 2 0 1 2 3 0 1 2 3 4 0 1 2 3 5

mapM2M                0 2 1 5 4 3 9 8 7 6 14 13 12 11 10 19 18 17 16 15

C: reduced dof-dof matrix
--------
 x      |
 xx     |
 xxx    |
 xxxx   |
 xxxxx  |
 xxxx x |
--------

C_rownnz              1 2 3 4 5 5

C_rowadr              0 1 3 6 10 15

C_colind              0 0 1 0 1 2 0 1 2 3 0 1 2 3 4 0 1 2 3 5

mapM2C                0 2 1 5 4 3 9 8 7 6 14 13 12 11 10 19 18 17 16 15

D: dof-dof matrix
--------
 Dxxxxx |
 xDxxxx |
 xxDxxx |
 xxxDxx |
 xxxxD  |
 xxxx D |
--------

D_rownnz              6 6 6 6 5 5

D_rowadr              0 6 12 18 24 29

D_colind              0 1 2 3 4 5 0 1 2 3 4 5 0 1 2 3 4 5 0 1 2 3 4 5 0 1 2 3 4 0 1 2 3 5

mapM2D                0 2 5 9 14 19 2 1 4 8 13 18 5 4 3 7 12 17 9 8 7 6 11 16 14 13 12 11 10 19 18 17 16 15

mapD2M                0 7 6 14 13 12 21 20 19 18 28 27 26 25 24 33 32 31 30 29

QDERIV
     0: -2.1e+02    1:  0          2:  0          3:  0          4:  0          5:  0       
     0:  0          1: -2.1e+02    2:  0          3:  0          4:  0          5:  0       
     0:  0          1:  0          2: -2.1e+02    3:  0          4:  0          5:  0       
     0:  0          1:  0          2:  0          3: -2.1e+02    4:  0          5:  0       
     0:  0          1:  0          2:  0          3:  0          4: -2.1e+02 
     0:  0          1:  0          2:  0          3:  0          5: -10      

CONTACT
  0:
     dim           3
     geoms         6 : 7
     exclude       0
     efc_address   1
     solref         0.02      1       
     solimp         0.9       0.95      0.001     0.5       2       
     dist          -0.00011 
     includemargin  0       
     pos            0.17      0.15      0.078   
     frame          0.68     -0.73     -0.026     0.018    -0.019     1        -0.73     -0.68     -1.7e-18 
     friction       1         1         0.005     0.0001    0.0001  
     mu             1       

EFC_TYPE
  0
  6
  6
  6
  6

EFC_ID
  0
  0
  0
  0
  0

EFC_J
   0         0         0         0         1        -1       
   0         0         0         0         1         1       
   0         0         0         0         0.97      0.97    
   0         0         0         0         0.99      0.99    
   0         0         0         0         1         1       

EFC_POS
  -0.00027 
  -0.00011 
  -0.00011 
  -0.00011 
  -0.00011 

EFC_MARGIN
   0       
   0       
   0       
   0       
   0       

EFC_FRICTIONLOSS
   0       
   0       
   0       
   0       
   0       

EFC_DIAGAPPROX
   20      
   30      
   30      
   30      
   30      

EFC_KBIP
   2.8e+03   1.1e+02   0.91     -55      
   2.8e+03   1.1e+02   0.9      -23      
   2.8e+03   1.1e+02   0.9      -23      
   2.8e+03   1.1e+02   0.9      -23      
   2.8e+03   1.1e+02   0.9      -23      

EFC_D
   0.5     
   0.3     
   0.3     
   0.3     
   0.3     

EFC_R
   2       
   3.3     
   3.3     
   3.3     
   3.3     

ACTUATOR_VELOCITY
   1.7e-08 
   1.5e-08 
  -4.5e-11 
   7.6e-09 
   1.2e-12 

CVEL
   0         0         0         0         0         0       
   0         0         1.7e-08  -1.1e-09   1.1e-09   0       
  -1e-08     1.1e-08   1.7e-08  -6.7e-10   1.5e-09  -1.4e-09 
  -1e-08     1.1e-08   1.7e-08  -6.7e-10   1.5e-09  -1.4e-09 
  -1.6e-08   1.6e-08   1.7e-08  -5.6e-10   1.6e-09  -1e-09   
  -1.6e-08   1.6e-08   1.7e-08  -5.6e-10   1.6e-09  -1e-09   
  -1.6e-08   1.6e-08   1.7e-08  -5.6e-10   1.6e-09  -1e-09   
  -1.6e-08   1.6e-08   1.7e-08  -5.6e-10   1.6e-09  -1e-09   

CDOF_DOT
   0         0         0         0         0         0       
  -1.3e-08  -1.2e-08   0        -4.5e-10   4.7e-10  -5.3e-12 
  -1.3e-08  -1.2e-08   0         1.6e-09  -3.7e-10   1.7e-09 
  -1.3e-08  -1.2e-08  -1.7e-24   1.2e-09   1.6e-09   2.5e-10 
   0         0        -0        -1.3e-08  -1.2e-08  -3.3e-24 
   0         0        -0         1.3e-08   1.2e-08   3.3e-24 

QFRC_BIAS
   7.3e-19 
  -0.46    
  -0.24    
  -0.066   
  -1.5e-19 
   1.4e-19 

QFRC_SPRING
   0       
   0       
   0       
   0       
   0       
   0       

QFRC_DAMPER
  -1.7e-07 
  -1.5e-07 
   4.5e-10 
  -7.6e-08 
  -1.2e-11 
   1.3e-11 

QFRC_GRAVCOMP
   0       
   0       
   0       
   0       
   0       
   0       

QFRC_FLUID
   0       
   0       
   0       
   0       
   0       
   0       

QFRC_PASSIVE
  -1.7e-07 
  -1.5e-07 
   4.5e-10 
  -7.6e-08 
  -1.2e-11 
   1.3e-11 

EFC_VEL
   2.5e-12 
  -6.6e-14 
  -6.3e-14 
  -6.4e-14 
  -6.5e-14 

EFC_AREF
   0.69    
   0.29    
   0.29    
   0.29    
   0.29    

SUBTREE_LINVEL
   0         0         0       
   0         0         0       
   0         0         0       
   0         0         0       
   0         0         0       
   0         0         0       
   0         0         0       
   0         0         0       

SUBTREE_ANGMOM
   0         0         0       
   0         0         0       
   0         0         0       
   0         0         0       
   0         0         0       
   0         0         0       
   0         0         0       
   0         0         0       

ACTUATOR_FORCE
   1.3e-07 
  -0.46    
  -0.24    
  -0.066   
  -0.69    

QFRC_ACTUATOR
   1.3e-07 
  -0.46    
  -0.24    
  -0.066   
  -0.69    
   0       

QFRC_SMOOTH
  -4.3e-08 
  -3.8e-08 
  -2.1e-10 
  -1.9e-08 
  -0.69    
   1.3e-11 

QACC_SMOOTH
   0.013   
   6.2e-07 
  -6.3e-07 
  -1.9e-07 
  -6.8     
   2.8e-05 

EFC_B
  -7.5     
  -7.2     
  -6.9     
  -7       
  -7.1     

EFC_FORCE
   0.34    
   0.086   
   0.086   
   0.086   
   0.086   

EFC_STATE
  1
  1
  1
  1
  1

QFRC_CONSTRAINT
   0       
   0       
   0       
   0       
   0.69    
   5.4e-12 

QFRC_INVERSE
   0       
   0       
   0       
   0       
   0       
   0       

CACC
   0         0         0         0         0         0       
   0         0         0         0         0         0       
   0         0         0         0         0         0       
   0         0         0         0         0         0       
   0         0         0         0         0         0       
   0         0         0         0         0         0       
   0         0         0         0         0         0       
   0         0         0         0         0         0       

CFRC_INT
   0         0         0         0         0         0       
   0         0         0         0         0         0       
   0         0         0         0         0         0       
   0         0         0         0         0         0       
   0         0         0         0         0         0       
   0         0         0         0         0         0       
   0         0         0         0         0         0       
   0         0         0         0         0         0       

CFRC_EXT
   0         0         0         0         0         0       
   0         0         0         0         0         0       
   0         0         0         0         0         0       
   0         0         0         0         0         0       
   0         0         0         0         0         0       
   0         0         0         0         0         0       
   0         0         0         0         0         0       
   0         0         0         0         0         0       

